best[0]=7.848532170390812
best[1]=-0.009262850035539161
best[2]=-7.845278759819291
best[3]=0.02791799115995173
best[4]=0.9783916989291537
